36000720050036002010050044000120027526000590027425000110000026000900026900]00000
26000950026431000000020026001140027425000000001149000120000000000000000000]00001
250042500060250262519989390259700100420000000000340000000102|0]1]0402]0462]00002
390257500100360006000100430052200060390262900100490045000000|0]1]0462]0522]00003
450054600060490049800000330006000000250058100060250006019979|0]1]0522]0582]00004
250060500060440049819969420000000000250063600060331996900000|0]1]0582]0642]00005
25006600061725199590006015000600000042000000000016006990]0J5|0]1]0642]0702]00006
2500725006892500737199591200699000]0250076100688250077319959|0]1]0702]0762]00007
1200699000]02500797006872500809199591200699000]0460083401200|0]1]0762]0822]00008
4200000000004300858199593219956000003219951000001102921]0006|0]1]0822]0882]00009
260292J199561103001]0001390266500100260292719956380292200400|0]1]0882]0942]00010
49014460000016009630]0J52500989009532501001199591200963000]0|0]1]0942]1002]00011
2501025009522501037199591200963000]04701158011001400963000]9|0]1]1002]1062]00012
460115801100250109700963440115819969250006000963430115800951|0]1]1062]1122]00013
1700402000]0390268300100490144600000420000000000340000000102|0]1]1122]1182]00014
390275300100340000000102340000000102390280900100340000000102|0]1]1182]1242]00015
340000000102390282500100340000000102340000000102390284100100|0]1]1242]1302]00016
3400000001021602921]3007340000000102390269700100480000000000|0]1]1302]1362]00017
4701446001002601404029211101404]00013600000005001103001]0001|0]1]1362]1422]00018
1102921]0006470137400900340000000102390287700100311996102907|0]1]1422]1482]00019
2619959029051700450000]01700618000]1150006000002440155419965|0]1]1482]1542]00020
1500060000051700402000]01700618000]21700450000]01700618000]3|0]1]1542]1602]00021
170095400J134301890000603119941199611603006]3007240300602921|0]1]1602]1662]00022
4601818012001103006]0003240300O199534601734012001103006]0003|0]1]1662]1722]00023
4901650000001103006]000344016500300O1203006]000225017880300O|0]1]1722]1782]00024
3319949000001103006]0002490165000000210289602896430185402895|0]1]1782]1842]00025
4901818000002501877028954401818199492500060028951700402000]0|0]1]1842]1902]00026
1700618000]41700450000]01700618000]5170095400]24170095400J15|0]1]1902]1962]00027
430223800060170095400J354302238000603119941199611603006]3007|0]1]1962]2022]00028
2403006029214602166012001103006]0005240300O19955460210601200|0]1]2022]2082]00029
1103006]00014902022000001103006]000125021480300O330214800000|0]1]2082]2142]00030
331994900000490202200000210289602896430220202895490216600000|0]1]2142]2202]00031
2502225028954402166199492500060028951700402000]01700618000]6|0]1]2202]2262]00032
1700450000]01700618000]717006900]13717006900]15717006900]357|0]1]2262]2322]00033
170095400]26170095400]46170095400J17430243000060170095400J37|0]1]2322]2382]00034
430243000060170095400J574302430000604902550000001700402000]0|0]1]2382]2442]00035
1700618000]81700450000]01700618000]917006900]13917006900]159|0]1]2442]2502]00036
17006900]17917006900]35917006900]37917006900]579390285700100|0]1]2502]2562]00037
490144600000|                                                0]1]2562]2574]00038
O85664590057534168000|                                       1]1]2574]2596]00039
]000005468005753416800496200750|                             1]1]2596]2628]00040
M9535345474153236359680041474149550|                         1]1]2628]2664]00041
]0685664006649550|                                           1]1]2664]2682]00042
]049006649550|                                               1]1]2682]2696]00043
O266007100565500465659004441634123576462480062634159630|     1]1]2696]2752]00044
O258644159456200556454424559454400416200465653535666620|     1]1]2752]2808]00045
P10000720000730|                                             1]1]2808]2824]00046
P40000750000760|                                             1]1]2824]2840]00047
P70000780000790|                                             1]1]2840]2856]00048
]063494500474154450|                                         1]1]2856]2876]00049
N5456600474154450|                                           1]1]2876]2894]00050
N61]00000000]JKLMNOPQR|                                      1]1]2894]2917]00051
|                                                            1]1]2928]2929]00052
@@@@@@@@@@@@@@@@@@@@@@@@@@@@@@@@@@|                          1 1]2929]2963 00053
@@@@@@@@@@@@@@@@@@@@@@@@@@@@@@@@@@|                          1 1]2963]2997 00054
]0000|                                                       1]1]2997]3002]00055
]294753618|                                                  1]1J9970J9980]00056
]816357492|000000000000000000000000000000000000000000000000001]1J9980J9990]00057
L600000005004900000|                                          ]1]0096]0115]00058
36001000050036001720050036002440050036003160050036000000050000000000000000]00059
000000000000102030400020406080003060902100408021610050015102006021814200|0]00060
704112820080614223009081726300000000005060708090012141618151811242720242|0]00061
822363520353045403632484455324946536048465462754453627180123456789123456|0]00062
789]23456789]J3456789]JK456789]JKL56789]JKLM6789]JKLMN789]JKLMNO89]JKLMN|0]00063
M8000000000049]1170OP9]JKLMNOPQ|0000L10038800019M90000000000M9000360000000]00064

