4100000000003600032005004900084                                             ]001
0123456789123456789-23456789-J3456789-JK456789-JKL| 3100300000324900000     ]002
56789-JKLM6789-JKLMN789-JKLMNO89-JKLMNOP9-JKLMNOPQ0|3100350000324900000     ]003
                                                    3600000005004900000     ]004
410000000000360007200500360014400500360021600500410000000000310000000072    ]005
36002140050014002930-009460008001200340000000102390017300100480000000000    ]006
490000001100023000-12600134002792600127002842500011000003100000002142600    ]007
158002842500000000114900000043415944005664630056460062455864455543450|      ]008
250446900401250390600401250389500401250635600401360302100500|]0500]0560     ]009
320309700000240310000023460064401200340000000102390290900100|]0560]0620     ]010
4800000000004900548000001100023000]11403022000]0470148001200|]0620]0680     ]011
1403024000]0470173201200140302700R99470144401200360040200500|]0680]0740     ]012
490083200000|000000000000000000000000000000000000000000000000]0740]0752     ]013
1100023000]11600838]31001600850]09041600898]0820260107100468|]0748]0808     ]014
260089100471360302100500240048100023460074801200340000000102|]0808]0868     ]015
3902909001004800000000004900728000001100023000]125]308100401|]0868]0928     ]016
3103010]3071440098803018260096901073260000703017490106800000|]0928]0988     ]017
440102003019330301900000490106800000|000000000000000000000000]0988]1024     ]018
4401256030162603016030142601061010731600001000M926J999903019|]1020]1080     ]019
1200890000]11201073000]11200921000]11200938000]11400939]3021|]1080]1140     ]020
4600916013002601443008912201443004164601288012001401443000O0|]1140]1200     ]021
4701224013001601443000O0210092201443210093901443490082000000|]1200]1260     ]022
440108003015260107403019490108000000|000000000000000000000000]1256]1292     ]023
2601318004111101318000]13200000000001101317000]1240131700470|]1288]1348     ]024
4701312013004401420004501600023]4001340000000102390295100100|]1348]1408     ]025
48000000000026001470290349000000000031]830003028210145003027|]1408]1468     ]026
490054800000430161203021260172103024260172403027260172901558|]1468]1528     ]027
25017300040131]31280172031]3294030281101546000J0210155803027|]1528]1588     ]028
1101558000]1490054800000430226003022260172303026260172801678|]1588]1648     ]029
25017290040131]39170172031]4468030281101666000J11101678000M0|]1648]1708     ]030
490054800000|000000000000000000000000000000000000000000000000]1708]1720     ]031
1601755]31292403024000004601792012001101755000J0490174400000|]1732]1792     ]032
2601827017551101827000]9250191100000260184601827250000000401|]1792]1852     ]033
1101755000]1260188701755310172000000260190601827150000000000|]1852]1912     ]034
2601966017551201966000]22601971019661101971000J0310000000000|]1912]1972     ]035
1201546000J04502008031281601558]3294260203101727310642600000|]1972]2032     ]036
140172200]60460280001200140172200]484602704012001602175]6426|]2032]2092     ]037
4402128030261206432000]51206444000]5210643201450210644401450|]2092]2152     ]038
2602170014503100000064262101450017224901444000001602175]6390|]2152]2212     ]039
3106390064261106432000L61106444000L6490209200000260229501666|]2212]2272     ]040
1202295000J1310172003917450232001720490054800000240302601723|]2272]2332     ]041
460235601200490227200000260239101728260238601450310000000000|]2332]2392     ]042
1101450000L62602494022952602499022951102499000J1240249901666|]2392]2452     ]043
4702488012001201666000J1490257200000310000000000260253002494|]2452]2512     ]044
1102530000]81200000000M01102494000J11102499000J1490244000000|]2512]2572     ]045
2602662017282602667017281102667000M0240266701678470265601200|]2572]2632     ]046
1201678000M04902272000003100000000001102662000M01102667000M0|]2632]2692     ]047
4902608000004402740030261206456000]51206468000]5210645601450|]2692]2752     ]048
2106468014501106456000K41106468000K4490215200000440283603026|]2752]2812     ]049
1206468000]51206480000]52106468014502106480014501106468000L6|]2812]2872     ]050
1106480000L6490215200000K60015800000|000000000000000000000000]2872]2908     ]051
M3M15944005664630056460062455864455543450|0000000000000000000]2908]2950     ]052
M5556345590062644259566463495545622300576462480062634159630|0]2950]3010     ]053
4900500|00000000000000000000000000000000000000000000000000000]0140]01470    ]054
]0]0]2249J5170]4044R030]]4076|                                              ]055
]0]0]2249J5150]4044R040]]4076|                                              ]056
]0]0]6449J5130]4044]4264K0]0]0]0]0]0]0]0]0]0]0]0]0]0]0]0]0]0]0]0]0]4076|    ]057
]0]0]5249J5110]4044R040]]4264J1]0]0]0]0]0]0]0]0]0]0]0]4076|                 ]058
]0]0]6149J5090]4044]4264L2]0]0]0]0]0]0]0]0]0]0]0]0]0]0]0]0]0]0]0]0]0|       ]059
]0]0]27]0]0]0]0]0]0]0]0]0]0]0]4076|                                         ]060
]0]0]6149J5070]4044]4264L2]0]0]0]0]0]0]0]0]0]0]0]0]0]0]0]0]0]0]0]0]0|       ]061
]0]0]27]0]0]0]0]0]0]0]0]0]0]0]4076|                                         ]062
]0]0]6149J5050]4044]4264K4]0]0]0]0]0]0]0]0]0]0]0]0]0]0]0]0]0]0]0]0]0|       ]063
]0]0]11]0]0]0]4076|                                                         ]064
]0]0]6149J5030]4044]4264K9]0]0]0]0]0]0]0]0]0]0]0]0]0]0]0]0]0]0]0]0]0|       ]065
]0]0]21]0]0]0]0]0]0]0]0]4076|                                               ]066
]0]0]6149J5010]4044]4264K5]0]0]0]0]0]0]0]0]0]0]0]0]0]0]0]0]0]0]0]0]0|       ]067
]0]0]13]0]0]0]0]4076|                                                       ]068
]0]0]6149J4990]4044]4264L2]0]0]0]0]0]0]0]0]0]0]0]0]0]0]0]0]0]0]0]0]0|       ]069
]0]0]27]0]0]0]0]0]0]0]0]0]0]0]4076|                                         ]070
]0]0]6149J4970]4044]4264L2]0]0]0]0]0]0]0]0]0]0]0]0]0]0]0]0]0]0]0]0]0|       ]071
]0]0]27]0]0]0]0]0]0]0]0]0]0]0]4076|                                         ]072
]0]0]1216J49590]001|                                                        ]073
N0]001011J49590]00114J4959]]00947]9052011|                                  ]074
]1]2]2416]0035J544922]0034J4959|                                            ]075
]0]0]12K7]4512J5186]00|                                                     ]076
]0]2]12J7]4940J4959]02|                                                     ]077
N5]0010]|                                                                   ]078
]0]0]1216J49590]001|                                                        ]079
N0]003011J49590]00114J4959]]01647]9148011|                                  ]080
]1]2]2416]0035J535922]0034J4959|                                            ]081
]0]0]12K7]4512J5186]02|                                                     ]082
]0]2]12J7]4940J4959]02|                                                     ]083
N5]0030]|                                                                   ]084
]0]0]1216J49590]001|                                                        ]085
N0]002011J49590]00114J4959]]07647]9244011|                                  ]086
]0]0]1216J49290]001|                                                        ]087
N0]002011J49290]00114J4929]]00447]9256011|                                  ]088
]1]2]6013J4929]]0763200096000002100099J495916]0035J924922]0034]0099|        ]089
]0]0]12K7]4512J5186]02|                                                     ]090
]0]2]12J7]4940J4929]02|                                                     ]091
N5]0020]|                                                                   ]092
]0]0]12J701238J4909002|                                                     ]093
]0]0]12J701306J4919002|                                                     ]094
]0]0]1216J49590]001|                                                        ]095
N0]400011J49590]00114J4959]]00947]9448011|                                  ]096
]0]0]12K7]4512J5106002|                                                     ]097
]0]0]12K7]4796J5106002|                                                     ]098
N5]4000]|                                                                   ]099
]0]0]12M801306J4919002|                                                     ]100
]0]0]1216J49590]001|                                                        ]101
N0]100011J49590]00114J4959]]02547]9532011|                                  ]102
]0]0]2046J48700010049J4880|                                                 ]103
]0]0]12K7]4796J5106002|                                                     ]104
]0]0]12K7]4512J5106002|                                                     ]105
N5]1000]|                                                                   ]106
]0]0]1216J49590]001|                                                        ]107
N0]401011J49590]00114J4959]]00547]9624011|                                  ]108
]0]0]12K7]4512J5106002|                                                     ]109
]0]0]12K7]4796J5106002|                                                     ]110
N5]4010]|                                                                   ]111
]0]0]12K7]4548J5146002|                                                     ]112
]0]0]24K7]4512J5126J7]4940J4959002|                                         ]113
]0]0]12K7]4512J5106002|                                                     ]114
]0]0]12K7]4512J5086002|                                                     ]115
]0]0]12K7]4512J5066002|                                                     ]116
]0]0]12K7]4512J5046002|                                                     ]117
]0]0]12K7]4512J5026002|                                                     ]118
]0]0]12K7]4512J5006002|                                                     ]119
]0]0]12K7]4512J4986002|                                                     ]120
]0]0]1216J49590]001|                                                        ]121
N0]005011J49590]00114J4959]]06447]9816011|                                  ]122
]1]2]2416]0035J988922]0034J4959|                                            ]123
]0]0]12J701238J4839002|                                                     ]124
]0]2]12J701306J4959]02|                                                     ]125
N5]0050]|                                                                   ]126
]0]0]2046J48200020049J4810|                                                 ]127
]0]0]12K7]4796J5106002|                                                     ]128
]0]0]24K7]4548J5186J7]4940J4809002|                                         ]129
]0]0]2046J48600030049J4790|                                                 ]130
]0]0]24J701238J4809J7]2876J4789002|                                         ]131
]0]0]12J701306J4919002|                                                     ]132
]0]0]36J701238J4789J7]2748J4919J7]2700J4809002|                             ]133
]0]0]12K70254602545]00|                                                     ]134
]0]0]12J701306J4769002|                                                     ]135
]0]0]24J701238J4769J7]2876J4749002|                                         ]136
]0]0]12J701306J4759002|                                                     ]137
]0]0]60J701238J4919J7]2700J4909J7]2748J4729J701306J4719J701238J4759002|     ]138
]0]0]60J7]2700J4909J7]2748J4709J7]2644J4719J7]2644J4769J701306J46990]2|     ]139
]0]0]36J701238J4749J7]2748J4759J7]2700J46990]2!                             ]140
]0]0]12K70254602545]00|                                                     ]141
]0]0]12J701306J4739002|                                                     ]142
]0]0]24J701238J4739J7]2700J467900K|                                         ]143
]0]0]4414000600]00046J46600120046J46500110049J4660|                         ]144
]1]2]2416]0035J988922]0034J4739|                                            ]145
]0]2]12J701238J4739]02|                                                     ]146
]0]0]4414000600]00046J46400120046J46500110049J4650|                         ]147
]0]0]12K7]4796J508600K|                                                     ]148
]0]0]0849J4820|                                                             ]149
]1]2]2416]0035J988922]0034J4739|                                            ]150
]0]0]12J701238J4909002|                                                     ]151
]0]2]12J701306J4739]02|                                                     ]152
]0]0]1216J49590]001|                                                        ]153
N0]012011J49590]00114J4959]]07647J0516011|                                  ]154
]1]2]2416]0035J848922]0034J4959|                                            ]155
]0]2]12J701238J4959]02|                                                     ]156
]0]0]12J701306J4809002|                                                     ]157
]1]2]2416]0035J772922]0034J4959|                                            ]158
]0]2]12J701238J4959]02|                                                     ]159
]0]0]12J701306J4769002|                                                     ]160
]1]2]2416]0035J696922]0034J4959|                                            ]161
]0]2]12J701238J4959]02|                                                     ]162
]0]0]12J701306J4759002|                                                     ]163
]1]2]2416]0035J620922]0034J4959|                                            ]164
]0]2]12J701238J4959]02|                                                     ]165
]0]0]12J701306J4629002|                                                     ]166
]1]2]2416]0035J924922]0034J4959|                                            ]167
]1]3]2416]0035J988922]0034J4809|                                            ]168
]1]4]2416]0035J988922]0034J4769|                                            ]169
]0]3]12J701238J4809]02|                                                     ]170
]1]5]2416]0035J988922]0034J4759|                                            ]171
]0]4]12J7]2644J4769]02|                                                     ]172
]1]6]2416]0035J988922]0034J4629|                                            ]173
]0]5]12J7]2644J4759]02|                                                     ]174
]0]6]12J7]2644J4629]02|                                                     ]175
]0]2]12J701306J4959]02|                                                     ]176
N5]0122]|                                                                   ]177
]0]0]12J701238J4839002|                                                     ]178
]0]0]12J701306J4759002|                                                     ]179
]0]0]1216J49290]001|                                                        ]180
N0]013011J49290]00114J4929]]00947J0960011|                                  ]181
]0]0]24J701238J4929J7]2700J460900K|                                         ]182
]0]0]4414000600]00046J45800120046J45700110049J4590|                         ]183
]0]0]24J701238J4929J7]2700J456900K|                                         ]184
]0]0]4414000600]00046J45800120046J45900110049J4590|                         ]185
]0]0]1216J49590]001|                                                        ]186
N0]133011J49590]00114J4959]]06447J1108011|                                  ]187
]1]2]2416]0035J924922]0034J4959|                                            ]188
]0]2]24J701238J4959J7]2700J478900K|                                         ]189
]0]0]12J701306J4769002|                                                     ]190
]0]0]12J701238J4769002|                                                     ]191
]0]0]4414000600]00046J45400120046J45400110049J4550|                         ]192
]1]2]2416]0035J924922]0034J4959|                                            ]193
]0]0]12J701238J4769002|                                                     ]194
]0]2]12J701306J4959]02|                                                     ]195
N5]1330]|                                                                   ]196
]0]0]1216J49590]001|                                                        ]197
N0]013011J49590]00114J4959]]07647J1320011|                                  ]198
]1]2]2416]0035J924922]0034J4959|                                            ]199
]1]3]2416]0035J544922]0034J4929|                                            ]200
]0]2]12J701238J4959]02|                                                     ]201
]0]3]12J7]2700J4929]0K|                                                     ]202
]0]0]4414000600]00046J45300120046J46100110049J4610|                         ]203
N5]0130]|                                                                   ]204
]0]0]1226J4959J4919|                                                        ]205
N0]015011J49590]00114J4959]]01647J1520011|                                  ]206
]1]2]2416]0035J535922]0034J4959|                                            ]207
]0]2]12J701238J4959]02|                                                     ]208
]0]0]12J701306J4739002|                                                     ]209
]1]2]2416]0035J988922]0034J4739|                                            ]210
]0]2]12J701238J4739]02|                                                     ]211
]0]0]4414000600]00046J45100120046J45200110049J4510|                         ]212
N5]0150]|                                                                   ]213
]0]0]6013J4929000]M3200095000001100099J179126J17430009926J174900000|        ]214
]0]0]084900000|                                                             ]215
]0]0]36J447J446J447J446J446J447J448J449J450|                                ]216
]0]0]12K7]4796J5146022|                                                     ]217
]0]0]12K7]4796J4986022|                                                     ]218
]0]0]1216J44399]001|                                                        ]219
N0]017011J44390]00114J4439]]00447J1824011|                                  ]220
]1]2]6013J4439]]0763200096000002100099J495916]0035J924922]0034]0099|        ]221
]0]2]12J701238J4439]02|                                                     ]222
]0]0]12J701306J4739002|                                                     ]223
]0]0]0849J4420|                                                             ]224
]0]0]24K7]4796J5166J7]4940J4739002|                                         ]225
N5]0170]|                                                                   ]226
]0]0]0849J4860|                                                             ]227
]0]0]12K7]4796J5146002|                                                     ]228
]0]0]12K7]4796J5006002|                                                     ]229
]0]0]0849J4450|                                                             ]230
]0]0]1216J44399]001|                                                        ]231
N0]019011J44390]00114J4439]]00447J2028011|                                  ]232
]1]2]6013J4439]]0763200096000002100099J495916]0035J924922]0034]0099|        ]233
]0]2]12J701238J4439]02|                                                     ]234
]0]0]12J701306J4739002|                                                     ]235
]1]2]2416]0035J988922]0034J4739|                                            ]236
]0]2]12J701238J4739]02|                                                     ]237
]0]0]4414000600]00046J44000120046J44100110049J4400|                         ]238
N5]0190]|                                                                   ]239
]0]0]1216J44399]001|                                                        ]240
N0]020011J44390]00114J4439]]00447J2240011|                                  ]241
]1]2]6013J4439]]0763200096000002100099J495916]0035J924922]0034]0099|        ]242
]0]2]12J701238J4439]02|                                                     ]243
]0]0]12J701306J4739002|                                                     ]244
]1]2]2416]0035J988922]0034J4739|                                            ]245
]0]2]12J701238J4739]02|                                                     ]246
]0]0]4414000600]00046J43800120046J43900110049J4380|                         ]247
]1]2]2416]0035J924922]0034J4739|                                            ]248
]0]2]24J701238J4739J7]2700J478900K|                                         ]249
]0]0]4414000600]00046J43600120046J43600110049J4370|                         ]250
]0]0]24J701238J4929J7]2700J460900K|                                         ]251
]0]0]4414000600]00046J43400120046J45100110049J4350|                         ]252
]0]0]12K7]4796J504600K|                                                     ]253
]0]0]0849J4330|                                                             ]254
]0]0]12K7]4796J502600K|                                                     ]255
]0]0]0849J4330|                                                             ]256
]1]2]2416]0035J924922]0034J4739|                                            ]257
]1]3]2416]0035J924922]0034J4739|                                            ]258
]0]3]24J701238J4739J7]2644J4789002|                                         ]259
]0]2]12J701306J4739]02|                                                     ]260
N5]0200]|                                                                   ]261
]0]0]0849J4610|                                                             ]262
]0]0]12J701238J4839002|                                                     ]263
]0]0]12J701306J4769002|                                                     ]264
]0]0]1216J44399]001|                                                        ]265
N0]023011J44390]00114J4439]]00447J2768011|                                  ]266
]1]2]6013J4439]]0763200096000002100099J495916]0035J924922]0034]0099|        ]267
]0]2]12J701238J4439]02|                                                     ]268
]0]0]12J701306J4739002|                                                     ]269
]1]2]2416]0035J924922]0034J4739|                                            ]270
]0]2]24J701238J4739J7]2700J478900K|                                         ]271
]0]0]4414000600]00046J43100120046J43100110049J4320|                         ]272
]0]0]12J701238J4769002|                                                     ]273
]0]0]4414000600]00046J43000120046J42900110049J4300|                         ]274
]0]0]12J701238J4909002|                                                     ]275
]0]0]12J701306J4769002|                                                     ]276
N5]0230]|                                                                   ]277
]0]0]0849J4610|                                                             ]278
]0]0]24J701238J4929J7]2700J428900K|                                         ]279
]0]0]4414000600]00046J42700120046J45100110049J4510|                         ]280
]0]0]1216J44399]001|                                                        ]281
N0]028011J44390]00114J4439]]00447J3148011|                                  ]282
]1]2]6013J4439]]0763200096000002100099J495916]0035J924922]0034]0099|        ]283
]0]2]12J701238J4439]02|                                                     ]284
]0]0]12J701306J4739002|                                                     ]285
]1]2]2416]0035J988922]0034J4739|                                            ]286
]0]2]12J701238J4739]02|                                                     ]287
]0]0]4414000600]00046J42500120046J42600110049J4250|                         ]288
]1]2]2416]0035J924922]0034J4739|                                            ]289
]0]2]24J701238J4739J7]2700J478900K|                                         ]290
]0]0]4414000600]00046J42600120046J42600110049J4240|                         ]291
N5]0280]|                                                                   ]292
]0]0]12J701238J4739002|                                                     ]293
]0]0]12J701306J4759002|                                                     ]294
]0]0]0849J4610|                                                             ]295
]0]0]12K7]4796J5066002|                                                     ]296
]0]0]12K7]4796J5146002|                                                     ]297
]0]0]24J701238J4929J7]2700J456900K|                                         ]298
]0]0]4414000600]00046J42200120046J42200110049J4230|                         ]299
]0]0]12J701238J4759002|                                                     ]300
]0]0]4414000600]00046J42300120046J42100110049J4230|                         ]301
]0]0]12J701238J4759002|                                                     ]302
]0]0]12J701306J4739002|                                                     ]303
]0]0]12J701238J4289002|                                                     ]304
]0]0]12J701306J4929002|                                                     ]305
]1]2]2416]0035J988922]0034J4739|                                            ]306
]0]0]12J701238J4209002|                                                     ]307
]0]2]12J701306J4739]02|                                                     ]308
]0]0]36J701238J4739J7]2700J4909J7]2876J4729002|                             ]309
]0]0]12J701306J4769002|                                                     ]310
]0]0]36J701238J4729J7]2748J4769J7]2700J4739002|                             ]311
]0]0]12K70254602545]00|                                                     ]312
]0]0]12J701306J4759002|                                                     ]313
]0]0]36J701238J4759J7]2700J4909J7]2876J4709002|                             ]314
]0]0]12J701306J4629002|                                                     ]315
]0]0]60J701238J4769J7]2644J4909J7]2748J4789J701306J4719J701238J4629002|     ]316
]0]0]60J7]2644J4909J7]2748J4749J7]2644J4719J7]2644J4759J701306J46990]2|     ]317
]0]0]36J701238J4709J7]2748J4629J7]2700J46990]2!                             ]318
]0]0]12K70254602545]00|                                                     ]319
]0]0]12J701306J4739002|                                                     ]320
]0]0]24J701238J4929J7]2700J419900K|                                         ]321
]0]0]4414000600]00046J44400120046J41800110049J4440|                         ]322
]0]0]24K7]4796J5126J7]4940J4739002|                                         ]323
]0]0]0849J4820|                                                             ]324
]0]09990|                                                                   ]325
J4152J4179J8769]]000000000000000000000000000000000000000000000000J9999|     ]326
M163415546M163415500M356624600M356620000O249554600O249550000|               ]327
O258596346O258596300N356474600N356470000M567574600M567570000|               ]328
]]076J5449N456654500]]076J8489N341554500]]064J9249N564540000|               ]329
]8322K]300]8306K]300]]016J5199N554566545]]009J5359N563456263|               ]330
]8460K]312]8414K]312]8408K]311]8350K]311]8344K]301]8328K]301|               ]331
]8708K]315]8642K]315]8636K]314]8554K]314]8548K]313]8466K]313|               ]332
]8952K]318]8870K]318]8864K]317]8796K]317]8790K]316]8714K]316|               ]333
]9256]]002]9148]]003M900000000]9052]]001]9040K]319]8958K]319|               ]334
]9552]]101]9564]]100]9460]]400]00000]00JN271000000N100000000|               ]335
J0504]]007]9920]]006]00000]00]]9816]]005]9636]]401]9612]]004|               ]336
N173000000N172000000]000000]00]00000]10]]9976]]061N171000000|               ]337
]000000]03]00000]00M]000000]01]00000]01ON400000000]00000]01]|               ]338
J0708]]012J0456]]010J0436]]091J0356]]011]00000]06M]000000]04|               ]339
J1028]]132J1096]]131J1308]]130]00000]00PJ1436]]013N174000000|               ]340
J3496]]016J1648]]015J1684]]014J1224]]134J1272]]133]00000]00R|               ]341
J1812]]018J2732]]075J2228]]074J2016]]073J1984]]072J1788]]071|               ]342
J2688]]020J3472]]164J2192]]019J3716]]080N200000000J1916]]017|               ]343
J3484]]165J2584]]168J2564]]167J2496]]166J2604]]022J2404]]021|               ]344
J3136]]271]00000]00OJ3068]]027J3000]]026J2944]]025J3024]]023|               ]345
J3620]]162J3564]]163J3668]]161J3440]]030J3312]]029J3404]]028|               ]346
J4120]]062]00000]00K]00000]00N|                                             ]347
J|                                                           ]0400]0401]0000]348
]0000|0000000000000000000000000000000000000000000000000000000]0402]0407     ]349
2600577004072600455004071200455]0002260051500000440048800515|]0408]0468     ]350
330051500000490056600000|000000000000000000000000000000000000]0468]0492     ]351
320051500000490056600000|000000000000000000000000000000000000]0488]0512     ]352
]|00000000000000000000000000000000000000000000000000000000000]0507]0508     ]353
2600565005172600577005171200565]0002260051500000260051700000|]0518]0578     ]354
1500879000011600889]0515240006000517460069801300260389800517|]0578]0638     ]355
260389600515260051700060260051500058260006003898260005803896|]0638]0698     ]356
J400517000RR470074601200240388500515460118201200220051700060|]0698]0758     ]357
460118201400460084201200210088900517440081800515150087900002|]0758]0818     ]358
1400517000]P470118201300330005100000330050800000J5000500000]|]0818]0878     ]359
210005800000250009900058330005800000440094600060J60392500N72|]0878]0938     ]360
490095800000|000000000000000000000000000000000000000000000000]0938]0950     ]361
J60392500N71430109800050J600097000]8430112200051250009800058|]0946]1006     ]362
J50005800000|000000000000000000000000000000000000000000000000]1006]1018     ]363
|000000000000000000000000000000000000000000000000000000000000]1017]1018     ]364
310005100052250005700098150005800000J200097000]1460120201200|]1018]1078     ]365
J200060000]1490098200000|000000000000000000000000000000000000]1078]1102     ]366
260005800057J100060000]1460392801400320005100000440117000099|]1098]1158     ]367
320005800000460118201400K50009901181420000000000|000000000000]1158]1206     ]368
J600060000RR320005100000490117000000260128501237260129701237|]1202]1262     ]369
1201297]0002260006000000260005800000420000000000|000000000000]1262]1310     ]370
2601348013052601360013051201360]0002260000000060260000000058|]1306]1366     ]371
4200000000002601425013772601437013771201437]0002260137700000|]1366]1426     ]372
260137500000230137500058470148201200310005103878490118200000|]1426]1486     ]373
1100093000]5430162200084J201377000]14701566014001601377000RR|]1482]1542     ]374
J200060000]1460168201400320008500000260005800092210006001377|]1542]1602     ]375
460167001400490114600000|000000000000000000000000000000000000]1602]1626     ]376
1100093000M5260005800091210006001377470114601400440172601377|]1622]1682     ]377
160392500N74310005103878320006000000490398800000|000000000000]1682]1730     ]378
160392500N73490397600000|000000000000000000000000000000000000]1726]1750     ]379
260186100060260185900058260182701755260183901755J201839000]2|]1756]1816     ]380
260006000000260005800000490192200000|000000000000000000000000]1816]1852     ]381
410000000000260190901861260192101861J201921000]2260186100000|]1850]1910     ]382
260185900000490201600000260120001959490219600000|000000000000]1910]1958     ]383
R01960|000000000000000000000000000000000000000000000000000000]1954]1960     ]384
150119500002250009203888310007500080260201402480490000000000|]1960]2020     ]385
240185903885470219601200J60392500N77490397600000|000000000000]2016]2064     ]386
J100060000]1470212001400J600060000R9J201861000]1460215601400|]2060]2120     ]387
220006001861470114601400440217601861160392500N75490397600000|]2120]2180     ]388
160392500N76490395200000|000000000000000000000000000000000000]2176]2200     ]389
280009100058290009101859260005800090410005800000470228001200|]2196]2256     ]390
310005103878490117000000330009900000460231601100320009900000|]2256]2316     ]391
430206000051250009800058150005800000|000000000000000000000000]2316]2352     ]392
|000000000000000000000000000000000000000000000000000000000000]2351]2352     ]393
310005100052250005700098250005800091J200060000]1320005100000|]2352]2412     ]394
490206000000220747107328470762001300490731600000|000000000000]2412]2460     ]395
1607330R050]490304000000|000000000000000000000000000000000000]2456]2480     ]396
J000000000000|00000000000000000000000000000000000000000000000]2533]2546     ]397
440259800059440258400058330005800000420000000000|000000000000]2546]2594     ]398
320005800000420000000000|000000000000000000000000000000000000]2584]2608     ]399
440262400060330006000000420000000000|000000000000000000000000]2598]2634     ]400
320006000000420000000000|000000000000000000000000000000000000]2624]2648     ]401
260266702643260264300000210006002643460269201400420000000000|]2644]2704     ]402
260272302699260269900000220006002699490268000000260277102747|]2700]2760     ]403
260274700000230006002747320009600000260006000099420000000000|]2760]2820     ]404
260287500060260285102815260006000000490290000000410000000000|]2816]2876     ]405
26028990287526028750000014028750]000460299201200280009900060|]2876]2936     ]406
290009602875260006000095490117001100320006000000490117000000|]2936]2996     ]407
160392500N78J6000600R9994903988000001607330N140Q1606258]7813|]2992]3052     ]408
260756306295J605367000K2450720807971490469200000|000000000000]3052]3100     ]409
310779407796J207328000]1470309601200340000000102390775900100|]3096]3156     ]410
490718400000|000000000000000000000000000000000000000000000000]3156]3168     ]411
250775600098J203175000]1J5077550000P4907980000]1490609200000|]3164]3224     ]412
J60006300]80|000000000000000000000000000000000000000000000000]3222]3234     ]413
|000000000000000000000000000000000000000000000000000000000000]3233]3234     ]414
3100055000571600054]0000490089000000150344700001430332800051|]3234]3294     ]415
260331603268440118200007490204000000|000000000000000000000000]3294]3330     ]416
1604013000M11619909]0060260120003376|000000000000000000000000]3328]3364     ]417
4R0337800000|000000000000000000000000000000000000000000000000]3370]3382     ]418
M9|0000000000000000000000000000000000000000000000000000000000]3364]3366     ]419
J9910|0000000000000000000000000000000000000000000000000000000]3366]3371     ]420
1601200]3410260137703269490137800000|000000000000000000000000]3378]3414     ]421
1501195000022600098000582600058038852100058000981604013000J5|]3410]3470     ]422
1619929]00604919930000002601200035551600517]3615260089603555|]3470]3530     ]423
410000000000|000000000000000000000000000000000000000000000000]3530]3542     ]424
0M9035560000|000000000000000000000000000000000000000000000000]3548]3560     ]425
M9|0000000000000000000000000000000000000000000000000000000000]3542]3544     ]426
]0518|0000000000000000000000000000000000000000000000000000000]3544]3549     ]427
320005500000260089601188260006000058150119500002420000000000|]3556]3616     ]428
]0000000]8]00000|00000000000000000000000000000000000000000000]3606]3622     ]429
J6036690]000260365703621220366900000490369400000260369303669|]3622]3682     ]430
2603669000002601200038464403750036693303669000001601755]3865|]3682]3742     ]431
490175600000|000000000000000000000000000000000000000000000000]3742]3754     ]432
1601200]37982600517000602600515000583100051038561601377]0517|]3750]3810     ]433
1103669000]J470384801300|000000000000000000000000000000000000]3810]3834     ]434
4R0375000000|000000000000000000000000000000000000000000000000]3840]3852     ]435
M9|0000000000000000000000000000000000000000000000000000000000]3834]3836     ]436
]1378|0000000000000000000000000000000000000000000000000000000]3836]3841     ]437
490401200000|000000000000000000000000000000000000000000000000]3848]3860     ]438
J0000000]1|00000000000000000000000000000000000000000000000000]3856]3867     ]439
R9999999R9|00000000000000000000000000000000000000000000000000]3867]3878     ]440
]0000000RR|00000000000000000000000000000000000000000000000000]3878]3889     ]441
]O2O356570|00000000000000000000000000000000000000000000000000]3899]3910     ]442
M55959565900400000|000000000000000000000000000000000000000000]3910]3928     ]443
|000000000000000000000000000000000000000000000000000000000000]3927]3928     ]444
J40392500N71460397601200310005103878490398800000310005103867|]3928]3988     ]445
340000000102390391100100150119500002410000000000490114600000|]3988]4048     ]446
260408707207J605364000K0490718400000|000000000000000000000000]4044]4080     ]447
1607207]00004304656053644307292053671607514]7292430729206365|]4076]4136     ]448
430465605365450465606365260419007207J104190000]51400000]4044|]4136]4196     ]449
460417201200470729201300490465600000|000000000000000000000000]4196]4232     ]450
000026032690423115034470000249032820260429907207J104299000]2|]4228]4288     ]451
260732800000220747107328470763201300210732807328J107207000]2|]4288]4348     ]452
210720707328J104299000]2J207328000]2470629601300450445206365|]4348]4408     ]453
260442604299260000007797310779407796490436000000|000000000000]4408]4456     ]454
J106258000]2260449406258260449904299260000000000490436000000|]4452]4512     ]455
1604725N72492607207045114904620000001604725J8747260720704547|]4512]4572     ]456
1604698]47004904632000001604725L87492607207045951604698]4712|]4572]4632     ]457
150636500000|000000000000000000000000000000000000000000000000]4632]4644     ]458
|000000000000000000000000000000000000000000000000000000000000]4643]4644     ]459
3204722000002607471047231606258]7795430633205367490471200000|]4644]4704     ]460
3400000001023707797001004707184004004904692000001607471]0472|]4700]4760     ]461
1604698]73322607207047474904880000001607471N01871604698]7412|]4760]4820     ]462
2607207047954904880000001607471]02871604698]7424260720704843|]4820]4880     ]463
1506365000003207470000002604723074711606258]7795490747200000|]4880]4940     ]464
260499104939J605365000]0490499200000|000000000000000000000000]4940]4976     ]465
150536500000420000000000|000000000000000000000000000000000000]4972]4996     ]466
430762005363310008907738450520006365J607756000]0J6067K900021|]4992]5052     ]467
|000000000000000000000000000000000000000000000000000000000000]5047]5048     ]468
|000000000000000000000000000000000000000000000000000000000000]5048]5049     ]469
|000000000000000000000000000000000000000000000000000000000000]5049]5050     ]470
1607058]0088J407326000RO460510001300J60672500]00|000000000000]5052]5100     ]471
|000000000000000000000000000000000000000000000000000000000000]5098]5099     ]472
450635600000490309600000M701J82004001507317000091604795]5118|]5100]5160     ]473
490479600000|000000000000000000000000000000000000000000000000]5160]5172     ]474
1507317000021604939]0060490494000000|000000000000000000000000]5168]5204     ]475
210625807328210625807328260629506258J60721900]0J260317504991|]5200]5260     ]476
260528304991260009800000J407326000RO460538801300J60646500]05|]5260]5320     ]477
J407328000]4460535601100260646507328330646400000440302800095|]5320]5380     ]478
490584400000|000000000000000000000000000000000000000000000000]5380]5392     ]479
J60646500]09440245600097470552801200220009807330J100098000]2|]5388]5448     ]480
460302801400J60721900]09220721900098J605493000]2240732800098|]5448]5508     ]481
460578401300490302800000|000000000000000000000000000000000000]5508]5532     ]482
J6077520M510J60775600]0QJ407328000J4460562401100J60721900]13|]5528]5588     ]483
220721907328J60775600]06220775607328220775607330210775600098|]5588]5648     ]484
430566807754490569200000|000000000000000000000000000000000000]5648]5672     ]485
440302807756J60775600]9R440571607756J6077520M520250775407755|]5668]5728     ]486
1507755000071606282]5760490625200000|000000000000000000000000]5728]5764     ]487
J206258000]6J605493000]6220549307330240549307328460302801100|]5760]5820     ]488
1605958]5960J203175000]2J606227000]0260587903175440589200000|]5820]5880     ]489
J606227000K0J107219000]1470594001300220317507219220646507219|]5880]5940     ]490
J206465000]1490603200000|000000000000000000000000000000000000]5940]5964     ]491
J607756000]31606282]6032J107330000]1460624001100J40646500]00|]5960]6020     ]492
470608001100J40646500]00470611201100J107219000]1460316401100|]6020]6080     ]493
J607756000P01606282]5952490625200000|000000000000000000000000]6080]6116     ]494
J106258000]2260614706258430620400000240625806295460620401300|]6112]6172     ]495
260619006147J600000000]0490611200000|000000000000000000000000]6172]6208     ]496
J206258000]21607756]00001606282]62841605958]6032K6]779507756|]6204]6264     ]497
J206258000]2490595200000|000000000000000000000000000000000000]6264]6288     ]498
1606258]7795260744206258250797105049430754005366150536700000|]6284]6344     ]499
490718400000J407797000]3470641201200450309606725J606726000]0|]6344]6404     ]500
490706400000|000000000000000000000000000000000000000000000000]6404]6416     ]501
J407797000M5470645601200150672700000490656000000|000000000000]6412]6460     ]502
J407797000J0470651201200430706406726150672700000490656000000|]6456]6516     ]503
J407797000K0470661201200430659206726J60672900]22J407326000RO|]6512]6572     ]504
460706401100490309600000|000000000000000000000000000000000000]6572]6596     ]505
320672400000490706400000|000000000000000000000000000000000000]6592]6616     ]506
470664801300J407797000O9470309601100450685606727J407797000P0|]6612]6672     ]507
460693601100430670806725J200098000]1490706400000|000000000000]6672]6720     ]508
320008900000210009807756450676406725210009807330430680000089|]6716]6776     ]509
1600098000RR460681201400460313201400260683004991260000000098|]6776]6836     ]510
J204991000]2490712400000|000000000000000000000000000000000000]6836]6860     ]511
430694806727250775607797J407328000]1460706401200250775507797|]6856]6916     ]512
320775500000490706400000|000000000000000000000000000000000000]6916]6940     ]513
J606727000]1450699206724310009300094250009607797490706400000|]6936]6996     ]514
450701606725J100098000]11407058]0096460706401300J107058000]1|]6992]7052     ]515
250008907797310779407796J207328000]1460510001100450671606724|]7052]7112     ]516
320009300000440714806724320009600000260716604991260000000096|]7112]7172     ]517
430720805366J107207000]5260733000000320732700000320732900000|]7172]7232     ]518
430520005366440732407330J605364000]2430242405365430410007971|]7232]7292     ]519
1607514]71721605367K0200420516800000|000000000000000000000000]7292]7328     ]520
MR0000000000|000000000000000000000000000000000000000000000000]7324]7336     ]521
J10723100]014607356014001607954P0707250795507231250795307230|]7332]7392     ]522
250795107229490746000000|000000000000000000000000000000000000]7392]7416     ]523
340000000102J107442000]4150779500000|000000000000000000000000]7412]7448     ]524
|000000000000000000000000000000000000000000000000000000000000]7447]7448     ]525
1607442]77953907797001001607490]7797J600000000]01407490]7971|]7448]7508     ]526
460717201200J107490000]2490748400000|000000000000000000000000]7508]7544     ]527
1505366000001606258]0000430760007467340000000102390777700100|]7540]7600     ]528
260781107791490469200000|000000000000000000000000000000000000]7600]7624     ]529
1607330N999R3400000001023907721001001607471000]0440718407330|]7620]7680     ]530
430770005363490731600000|000000000000000000000000000000000000]7680]7704     ]531
1207207000]5490500400000|000000000000000000000000000000000000]7700]7724     ]532
]00|000000000000000000000000000000000000000000000000000000000]7229]7232     ]533
M5595956590046790|0000000000000000000000000000000000000000000]7720]7738     ]534
]0000000]0|00000000000000000000000000000000000000000000000000]7738]7749     ]535
]0007000|0000000000000000000000000000000000000000000000000000]7749]7757     ]536
K02]0|0000000000000000000000000000000000000000000000000000000]5363]5368     ]537
M5595956590046770|0000000000000000000000000000000000000000000]7758]7776     ]538
M5595956590046780|0000000000000000000000000000000000000000000]7776]7794     ]539
]0]0]0]0]0]0]0]0]0]0]0]0]0]0]0]0]0]0]0]0]0]0]0]0]0]0]0]0]0]0|]7794]7854     ]540
]0]0]0]0]0]0]0]0]0]0]0]0]0]0]0]0]0]0]0]0]0]0]0]0]0]0]0]0]0]0|]7854]7914     ]541
]0]0]0]0]0]0]0]0]0]0]0]0]0]0]0]0]0]0]0]0]0]0]0]0]0]0]0]0]0]|0]7914]7974     ]542
1206465000]14906092|00000000000000000000000000000000000000000]7980]7999     ]543
360001200500|000000000000000000000000000000000000000000000000]0000]0012     ]544
2503342004002503366004002503472004002503484004001600006]0000490000000000000 ]545
410000000000360010000500360017200500360024400500360031600500360001200500000 ]546
000000000000102030400020406080003060902100408021610050015102006021814200000 ]547
704112820080614223009081726300000000005060708090012141618151811242720242000 ]548
822363520353045403632484455324946536048465462754453627180123456789123456000 ]549
789]23456789]J3456789]JK456789]JKL56789]JKLM6789]JKLMN789]JKLMNO89]JKLMN000 ]550
3600004005OP9]JKLMNOPQ0|250003400400310038800022490001200000M90003600000000 ]551
48000000000049083000340000000102390005700100490000405356414400444163410|000 ]552
 04|                                                                    TTT 0137
 15|                                                                    TTT 0138
 03|                                                                    TTT 0139
 10|                                                                    TTT 0140
 00|                                                                    TTT 0142
 05|                                                                    TTT 0141
 02|                                                                    TTT 0143
 01|                                                                    TTT 0144
 05|                                                                    TTT 0145
 01|                                                                    TTT 0146
 64|                                                                    TTT 0147
 13|                                                                    TTT 0148
 52|                                                                    TTT 0149
 04|                                                                    TTT 0150
 61|                                                                    TTT 0151
 16|                                                                    TTT 0152
 49|                                                                    TTT 0153
 22|                                                                    TTT 0154
 43|                                                                    TTT 0155
 23|                                                                    TTT 0156
 42|                                                                    TTT 0157
 26|                                                                    TTT 0158
 39|                                                                    TTT 0159
 27|                                                                    TTT 0160
 38|                                                                    TTT 0161
 22|                                                                    TTT 0162
 43|                                                                    TTT 0163
 64|                                                                    TTT 0164
 01|                                                                    TTT 0165
 23|                                                                    TTT 0166
 42|                                                                    TTT 0167
 61|                                                                    TTT 0168
 04|                                                                    TTT 0169
 26|                                                                    TTT 0170
 39|                                                                    TTT 0171
 52|                                                                    TTT 0172
 13|                                                                    TTT 0173
 27|                                                                    TTT 0174
 38|                                                                    TTT 0175
 49|                                                                    TTT 0176
 16|                                                                    TTT 0177
 21|                                                                    TTT 0178
 41|                                                                    TTT 0179
 61|                                                                    TTT 0180
 01|                                                                    TTT 0181
 22|                                                                    TTT 0182
 42|                                                                    TTT 0183
 62|                                                                    TTT 0184
 02|                                                                    TTT 0185
 23|                                                                    TTT 0186
 43|                                                                    TTT 0187
 63|                                                                    TTT 0188
 03|                                                                    TTT 0189
 24|                                                                    TTT 0190
 44|                                                                    TTT 0191
 64|                                                                    TTT 0192
 04|                                                                    TTT 0193
 19|                                                                    TTT 0194
 34|                                                                    TTT 0195
 49|                                                                    TTT 0196
 04|                                                                    TTT 0197
 23|                                                                    TTT 0198
 38|                                                                    TTT 0199
 53|                                                                    TTT 0200
 08|                                                                    TTT 0201
 27|                                                                    TTT 0202
 42|                                                                    TTT 0203
 57|                                                                    TTT 0204
 12|                                                                    TTT 0205
 31|                                                                    TTT 0206
 46|                                                                    TTT 0207
 61|                                                                    TTT 0208
 16|                                                                    TTT 0209
 25|                                                                    TTT 0210
 37|                                                                    TTT 0211
 49|                                                                    TTT 0212
 13|                                                                    TTT 0213
 26|                                                                    TTT 0214
 38|                                                                    TTT 0215
 50|                                                                    TTT 0216
 14|                                                                    TTT 0217
 27|                                                                    TTT 0218
 39|                                                                    TTT 0219
 51|                                                                    TTT 0220
 15|                                                                    TTT 0221
 28|                                                                    TTT 0222
 40|                                                                    TTT 0223
 52|                                                                    TTT 0224
 16|                                                                    TTT 0225
 18|                                                                    TTT 0226
 35|                                                                    TTT 0227
 52|                                                                    TTT 0228
 01|                                                                    TTT 0229
 22|                                                                    TTT 0230
 39|                                                                    TTT 0231
 56|                                                                    TTT 0232
 05|                                                                    TTT 0233
 26|                                                                    TTT 0234
 43|                                                                    TTT 0235
 60|                                                                    TTT 0236
 09|                                                                    TTT 0237
 30|                                                                    TTT 0238
 47|                                                                    TTT 0239
 64|                                                                    TTT 0240
 13|                                                                    TTT 0241
 17|                                                                    TTT 0242
 33|                                                                    TTT 0243
 49|                                                                    TTT 0244
 01|                                                                    TTT 0245
 18|                                                                    TTT 0246
 34|                                                                    TTT 0247
 50|                                                                    TTT 0248
 02|                                                                    TTT 0249
 19|                                                                    TTT 0250
 35|                                                                    TTT 0251
 51|                                                                    TTT 0252
 03|                                                                    TTT 0253
 20|                                                                    TTT 0254
 36|                                                                    TTT 0255
 52|                                                                    TTT 0256
 04|                                                                    TTT 0257
 21|                                                                    TTT 0258
 37|                                                                    TTT 0259
 53|                                                                    TTT 0260
 05|                                                                    TTT 0261
 22|                                                                    TTT 0262
 38|                                                                    TTT 0263
 54|                                                                    TTT 0264
 06|                                                                    TTT 0265
 23|                                                                    TTT 0266
 39|                                                                    TTT 0267
 55|                                                                    TTT 0268
 07|                                                                    TTT 0269
 24|                                                                    TTT 0270
 40|                                                                    TTT 0271
 56|                                                                    TTT 0272
 08|                                                                    TTT 0273
 25|                                                                    TTT 0274
 41|                                                                    TTT 0275
 57|                                                                    TTT 0276
 09|                                                                    TTT 0277
 26|                                                                    TTT 0278
 42|                                                                    TTT 0279
 58|                                                                    TTT 0280
 10|                                                                    TTT 0281
 27|                                                                    TTT 0282
 43|                                                                    TTT 0283
 59|                                                                    TTT 0284
 11|                                                                    TTT 0285
 28|                                                                    TTT 0286
 44|                                                                    TTT 0287
 60|                                                                    TTT 0288
 12|                                                                    TTT 0289
 29|                                                                    TTT 0290
 45|                                                                    TTT 0291
 61|                                                                    TTT 0292
 13|                                                                    TTT 0293
 30|                                                                    TTT 0294
 46|                                                                    TTT 0295
 62|                                                                    TTT 0296
 14|                                                                    TTT 0297
 31|                                                                    TTT 0298
 47|                                                                    TTT 0299
 63|                                                                    TTT 0300
 15|                                                                    TTT 0301
 32|                                                                    TTT 0302
 48|                                                                    TTT 0303
 64|                                                                    TTT 0304
 16|                                                                    TTT 0305
 02|                                                                    TTT 0306
 03|                                                                    TTT 0307
 04|                                                                    TTT 0308
 01|                                                                    TTT 0309
 06|                                                                    TTT 0310
 07|                                                                    TTT 0311
 08|                                                                    TTT 0312
 05|                                                                    TTT 0313
 10|                                                                    TTT 0314
 11|                                                                    TTT 0315
 12|                                                                    TTT 0316
 09|                                                                    TTT 0317
 14|                                                                    TTT 0318
 15|                                                                    TTT 0319
 16|                                                                    TTT 0320
 13|                                                                    TTT 0321
 05|                                                                    TTT 0322
 09|                                                                    TTT 0323
 13|                                                                    TTT 0324
 01|                                                                    TTT 0325
 06|                                                                    TTT 0326
 10|                                                                    TTT 0327
 14|                                                                    TTT 0328
 02|                                                                    TTT 0329
 07|                                                                    TTT 0330
 11|                                                                    TTT 0331
 15|                                                                    TTT 0332
 03|                                                                    TTT 0333
 08|                                                                    TTT 0334
 12|                                                                    TTT 0335
 16|                                                                    TTT 0336
 04|                                                                    TTT 0337
 06|                                                                    TTT 0338
 11|                                                                    TTT 0339
 16|                                                                    TTT 0340
 01|                                                                    TTT 0341
 07|                                                                    TTT 0342
 10|                                                                    TTT 0343
 13|                                                                    TTT 0344
 04|                                                                    TTT 0345
 18|                                                                    TTT 0346
 19|                                                                    TTT 0347
 20|                                                                    TTT 0348
 17|                                                                    TTT 0349
 22|                                                                    TTT 0350
 23|                                                                    TTT 0351
 24|                                                                    TTT 0352
 21|                                                                    TTT 0353
 26|                                                                    TTT 0354
 27|                                                                    TTT 0355
 28|                                                                    TTT 0356
 25|                                                                    TTT 0357
 30|                                                                    TTT 0358
 31|                                                                    TTT 0359
 32|                                                                    TTT 0360
 29|                                                                    TTT 0361
 21|                                                                    TTT 0362
 25|                                                                    TTT 0363
 29|                                                                    TTT 0364
 17|                                                                    TTT 0365
 22|                                                                    TTT 0366
 26|                                                                    TTT 0367
 30|                                                                    TTT 0368
 18|                                                                    TTT 0369
 23|                                                                    TTT 0370
 27|                                                                    TTT 0371
 31|                                                                    TTT 0372
 19|                                                                    TTT 0373
 24|                                                                    TTT 0374
 28|                                                                    TTT 0375
 32|                                                                    TTT 0376
 20|                                                                    TTT 0377
 22|                                                                    TTT 0378
 27|                                                                    TTT 0379
 32|                                                                    TTT 0380
 17|                                                                    TTT 0381
 23|                                                                    TTT 0382
 26|                                                                    TTT 0383
 29|                                                                    TTT 0384
 20|                                                                    TTT 0385
 34|                                                                    TTT 0386
 35|                                                                    TTT 0387
 36|                                                                    TTT 0388
 33|                                                                    TTT 0389
 38|                                                                    TTT 0390
 39|                                                                    TTT 0391
 40|                                                                    TTT 0392
 37|                                                                    TTT 0393
 42|                                                                    TTT 0394
 43|                                                                    TTT 0395
 44|                                                                    TTT 0396
 41|                                                                    TTT 0397
 46|                                                                    TTT 0398
 47|                                                                    TTT 0399
 48|                                                                    TTT 0400
 45|                                                                    TTT 0401
 37|                                                                    TTT 0402
 41|                                                                    TTT 0403
 45|                                                                    TTT 0404
 33|                                                                    TTT 0405
 38|                                                                    TTT 0406
 42|                                                                    TTT 0407
 46|                                                                    TTT 0408
 34|                                                                    TTT 0409
 39|                                                                    TTT 0410
 43|                                                                    TTT 0411
 47|                                                                    TTT 0412
 35|                                                                    TTT 0413
 40|                                                                    TTT 0414
 44|                                                                    TTT 0415
 48|                                                                    TTT 0416
 36|                                                                    TTT 0417
 38|                                                                    TTT 0418
 43|                                                                    TTT 0419
 48|                                                                    TTT 0420
 33|                                                                    TTT 0421
 39|                                                                    TTT 0422
 42|                                                                    TTT 0423
 45|                                                                    TTT 0424
 36|                                                                    TTT 0425
 50|                                                                    TTT 0426
 51|                                                                    TTT 0427
 52|                                                                    TTT 0428
 49|                                                                    TTT 0429
 54|                                                                    TTT 0430
 55|                                                                    TTT 0431
 56|                                                                    TTT 0432
 53|                                                                    TTT 0433
 58|                                                                    TTT 0434
 59|                                                                    TTT 0435
 60|                                                                    TTT 0436
 57|                                                                    TTT 0437
 62|                                                                    TTT 0438
 63|                                                                    TTT 0439
 64|                                                                    TTT 0440
 61|                                                                    TTT 0441
 53|                                                                    TTT 0442
 57|                                                                    TTT 0443
 61|                                                                    TTT 0444
 49|                                                                    TTT 0445
 54|                                                                    TTT 0446
 58|                                                                    TTT 0447
 62|                                                                    TTT 0448
 50|                                                                    TTT 0449
 55|                                                                    TTT 0450
 59|                                                                    TTT 0451
 63|                                                                    TTT 0452
 51|                                                                    TTT 0453
 56|                                                                    TTT 0454
 60|                                                                    TTT 0455
 64|                                                                    TTT 0456
 52|                                                                    TTT 0457
 54|                                                                    TTT 0458
 59|                                                                    TTT 0459
 64|                                                                    TTT 0460
 49|                                                                    TTT 0461
 55|                                                                    TTT 0462
 58|                                                                    TTT 0463
 61|                                                                    TTT 0464
 52|                                                                    TTT 0465
 |                                                                      TTT 0466
GOOD MORNING, SIR, MADAM OR MISS|                                       TTT 0467
(I CAN HARDLY TELL FROM IN HERE)|                                       TTT 0468
WE ARE GOING TO PLAY TIC-TAC-TOE|                                       TTT 0469
IF YOU KNOW HOW WE CAN BEGIN.|                                          TTT 0470
IF YOU WANT ME TO EXPLAIN FIRST,|                                       TTT 0471
RAISE PROGRAM SWITCH 1.|                                                TTT 0472
NOW PUSH START.|                                                        TTT 0473
 |                                                                      TTT 0474
THIS GAME IS TYPICAL OF WHAT YOU|                                       TTT 0475
CAN ACCOMPLISH USING THE 1620|                                          TTT 0476
IF YOU HAVE NOTHING BETTER TO DO|                                       TTT 0477
THE GAME IS PLAYED ON 4 LEVELS|                                         TTT 0478
EACH LEVEL IS A 4X4 GRID|                                               TTT 0479
THE OBJECT IS TO GET 4 IN A ROW|                                        TTT 0480
THE LEVELS ARE ABOVE EACH OTHER|                                        TTT 0481
AND WINNING ROWS MAY BE SET UP|                                         TTT 0482
IN ANY DIRECTION.|                                                      TTT 0483
YOU AND I WILL TAKE TURNS MOVING|                                       TTT 0484
 |                                                                      TTT 0485
TO TELL ME WHERE YOU HAVE MOVED,|                                       TTT 0486
JUST TYPE A 3-DIGIT NUMBER.|                                            TTT 0487
FOR EXAMPLE, 243 WOULD MEAN|                                            TTT 0488
2ND LEVEL, 4TH ROW, 3RD COLUMN.|                                        TTT 0489
 |                                                                      TTT 0490
TO RESTART IN CASE OF TIES,|                                            TTT 0491
RAISE SWITCH 3, RELEASE, START.|                                        TTT 0492
TO CORRECT A TYPING ERROR,|                                             TTT 0493
RAISE SWITCH 4, RELEASE, START.|                                        TTT 0494
 |                                                                      TTT 0495
YOU MAY DRAW THE GAME ON PAPER.|                                        TTT 0496
I KEEP TRACK IN MY HEAD.....|                                           TTT 0497
BOB LOUDEN, IBM, FEBRUARY, 1962.|                                       TTT 0498
 |                                                                      TTT 0499
 |                                                                      TTT 0500
RAISE SWITCH 2 TO MOVE FIRST.|                                          TTT 0501
OTHERWISE I WILL. TYPE YOUR NAME|                                       TTT 0502
RELEASE AND START.|                                                     TTT 0503
 |                                                                      TTT 0504
4321 IS MY MOVE|                                                        TTT 0505
TYPE YOUR MOVE, RELEASE, START.|                                        TTT 0506
COME ON NOW, THAT SQUARE IS FULL|                                       TTT 0507
GOOD TRY THERE,|                                                        TTT 0508
LETS SEE YOU GET OUT OF THIS,|                                          TTT 0509
VERY TRICKY OF YOU,|                                                    TTT 0510
I WIN ON THE FOLLOWING SEQUENCE|                                        TTT 0511
YOU WIN (DARN IT) AS FOLLOWS|                                           TTT 0512
 |                                                                      TTT 0513
RAISE SWITCH 2 TO MOVE FIRST.|                                          TTT 0514
PLEASE TYPE YOUR NAME.|                                                 TTT 0515
THEN RELEASE AND START.|                                                TTT 0516
 |                                                                      TTT 0517
4321 IS MY PLAY|                                                        TTT 0518
MAKE YOUR PLAY NOW.|                                                    TTT 0519
COME ON NOW, THAT PLACE IS TAKEN|                                       TTT 0520
YOURE IN THERE PITCHING,|                                               TTT 0521
AFRAID YOUVE HAD IT,|                                                   TTT 0522
THOUGHT YOU HAD ME THERE,|                                              TTT 0523
I WIN AS FOLLOWS|                                                       TTT 0524
CONGRATULATIONS|                                                        TTT 0525
 |                                                                      TTT 0526
NOW DECIDE WHO GOES FIRST.|                                             TTT 0527
GIVE ME YOUR NAME, PLEASE|                                              TTT 0528
THEN RELEASE AND START.|                                                TTT 0529
 |                                                                      TTT 0530
4321 IS MY MOVE|                                                        TTT 0531
WHATS YOUR MOVE|                                                        TTT 0532
COME ON NOW, THAT SQUARE IS GONE|                                       TTT 0533
NOW, REALLY,|                                                           TTT 0534
THIS WILL BE A SHORT GAME,|                                             TTT 0535
AN EXCELLENT PLAY,|                                                     TTT 0536
THANK YOU VERY MUCH FOR THE GAME|                                       TTT 0537
PLEASE TELL ME HOW YOU DID IT|                                          TTT 0538
 |                                                                      TTT 0539
DECIDE WHO WILL START.|                                                 TTT 0540
SIGN ON THE NEXT LINE, PLEASE.|                                         TTT 0541
THEN RELEASE AND START.|                                                TTT 0542
 |                                                                      TTT 0543
4321 IS MY PLAY|                                                        TTT 0544
CARRY ON.|                                                              TTT 0545
REALLY, THAT SQUARE IS OCCUPIED.|                                       TTT 0546
RATHER OBVIOUS,|                                                        TTT 0547
AFRAID YOU ARE TRAPPED,|                                                TTT 0548
VERY GOOD SHOW.|                                                        TTT 0549
THAT WAS A TOP-NOTCH EFFORT.|                                           TTT 0550
BET YOU CANT DO THAT AGAIN.|                                            TTT 0551
 |                                                                      TTT 0552
WHO GOES FIRST, YOU OR I.|                                              TTT 0553
PLEASE SIGN THE REGISTER.|                                              TTT 0554
THEN RELEASE AND START.|                                                TTT 0555
 |                                                                      TTT 0556
4321 IS MY MOVE|                                                        TTT 0557
WHAT DO YOU SAY NOW.|                                                   TTT 0558
THAT SQUARE IS OCCUPIED.|                                               TTT 0559
SORRY TO DISAPPOINT YOU,|                                               TTT 0560
ONLY TWO MOVES TO GO,|                                                  TTT 0561
CLEVER OF YOU, |                                                        TTT 0562
YOU CANT WIN THEM ALL.|                                                 TTT 0563
I CAN SEE YOUVE DONE THIS BEFORE|                                       TTT 0564
 |                                                                      TTT 0565
LETS STOP AND GET BACK TO WORK..|                                       TTT 0566
 |                                                                      TTT 0567
 |                                                                      TTT 0568
 
